0.0000000 0.0000000 90.0000000 0.0000000
0.0000000 1.0000000 90.0000000 -0.0000000
0.0000000 2.0000000 90.0000000 -0.0000000
0.0000000 3.0000000 90.0000000 -0.0000000
0.0000000 4.0000000 90.0000000 -0.0000000
0.0000000 5.0000000 90.0000000 -0.0000000
0.0000000 5.8121514 78.7855213 35.6933321
0.1918149 6.7796045 81.9393374 -9.5001417
0.3209721 7.6915984 74.4824603 22.9134305
0.5839616 8.6387816 70.9752424 10.5750229
0.9093680 9.5825058 69.8460330 3.3893854
1.2510650 10.5135184 67.3950981 7.3708769
1.6266001 11.4154660 63.3194096 12.3112734
2.0530121 12.2640080 57.3251236 18.2574831
2.5424437 13.0271119 49.2376664 24.9643017
3.0984591 13.6721186 39.1740148 31.6161773
3.7203056 14.1788148 27.6929694 36.6647125
4.4320445 14.5523747 16.2558168 36.5039941
5.3902392 14.8317685 15.0781049 3.5351294
6.3519128 15.0908538 13.3633498 5.1504311
7.3197657 15.3207747 11.4155647 5.8524012
8.2946391 15.5176193 9.4235973 5.9855797
9.2763998 15.6805642 7.5524726 5.6213905
10.2637228 15.8114677 5.8378567 5.1500118
11.2552320 15.9128434 4.2822847 4.6713161
12.2499471 15.9873272 2.9324854 4.0524012
13.2469803 16.0384014 1.8326094 3.3012519
14.2013901 16.0689387 7.5129187 -17.2735044
15.1640674 16.1958984 12.0828349 -13.8290984
16.1271037 16.4020538 15.3960181 -9.9844679
17.0854833 16.6659638 17.4763867 -6.2521348
18.0379359 16.9658395 18.5064567 -3.0915436
18.9820999 17.2818706 20.2859555 -5.3453889
19.9105097 17.6250412 23.0073836 -8.1890674
20.8130195 18.0082711 26.7628784 -11.3321568
21.6766915 18.4438411 31.6134517 -14.6949184
22.4859601 18.9419684 37.5709770 -18.1420248
23.2307592 19.5149401 44.1173142 -20.0000000
23.9053795 20.1690881 50.6636514 -20.0000000
24.5010240 20.8958823 57.2099886 -20.0000000
25.0099255 21.6858453 63.7563258 -20.0000000
25.4254479 22.5286759 70.3026630 -20.0000000
25.7421727 23.4133835 76.8490002 -20.0000000
25.9587844 24.3404780 82.7014460 -17.8123643
26.0816700 25.2999417 87.5512188 -14.6924446
26.1234017 26.2757717 91.6515477 -12.3867529
26.0950631 27.2586263 95.1332943 -10.4974431
26.0066519 28.2427952 98.0682558 -8.8360173
25.8674367 29.2248722 100.4956164 -7.2996350
25.6862179 30.2030592 102.4352266 -5.8277626
25.4714945 31.1768220 103.8747347 -4.3221683
25.2320139 32.1463515 104.8600861 -2.9572214
24.9756455 33.1125630 105.3692057 -1.5275197
24.7174020 34.0520820 109.6699767 -13.0014924
24.4010997 34.9369408 116.2163139 -20.0000000
