0.0000000 0.0000000 90.0000000 8.4852814 22.0000000 8.4852814 0.0000000 
0.0000000 1.0000000 90.0000000 8.4852814 21.0000000 8.4852814 -0.0000000 
0.0000000 2.0000000 90.0000000 8.4852814 20.0000000 8.4852814 -0.0000000 
0.0000000 3.0000000 90.0000000 8.4852814 19.0000000 8.4852814 -0.0000000 
0.0000000 4.0000000 90.0000000 8.4852814 18.0000000 8.4852814 -0.0000000 
0.0000000 5.0000000 90.0000000 8.4852814 17.0000000 24.0416306 -0.0000000 
0.0000000 5.8121514 78.7855213 10.7897056 16.5029553 7.2191305 35.6933321 
0.1918149 6.7796045 81.9393374 10.3030501 15.3722710 37.2941577 -9.5001417 
0.3209721 7.6915984 74.4824603 12.8434034 14.8496937 34.0939801 22.9134305 
0.5839616 8.6387816 70.9752424 14.8625866 14.1332050 32.7214485 10.5750229 
0.9093680 9.5825058 69.8460330 13.6840912 13.2274065 32.0579057 3.3893854 
1.2510650 10.5135184 67.3950981 12.4234773 12.4423350 31.0940941 7.3708769 
1.6266001 11.4154660 63.3194096 11.1496066 11.8458367 29.8881601 12.3112734 
2.0530121 12.2640080 57.3251236 9.9656804 11.5664032 28.6063040 18.2574831 
2.5424437 13.0271119 49.2376664 8.9974862 11.8465784 27.5328279 24.9643017 
3.0984591 13.6721186 39.1740148 8.3711201 13.1837492 27.0412149 31.6161773 
3.7203056 14.1788148 27.6929694 8.1920876 29.6794566 14.0468128 36.6647125 
4.4320445 14.5523747 16.2558168 8.4943348 26.6326921 9.4663693 36.5039941 
5.3902392 14.8317685 15.0781049 8.2706591 25.4872324 9.6864167 3.5351294 
6.3519128 15.0908538 13.3633498 8.1151216 24.3062039 9.7055416 5.1504311 
7.3197657 15.3207747 11.4155647 8.0175891 23.1379624 9.6187795 5.8524012 
8.2946391 15.5176193 9.4235973 7.9700706 22.0022858 9.4838994 5.9855797 
9.2763998 15.6805642 7.5524726 7.9598842 20.9049527 9.3425014 5.6213905 
10.2637228 15.8114677 5.8378567 7.9814757 19.8391687 9.2023911 5.1500118 
11.2552320 15.9128434 4.2822847 8.0312629 18.7972449 9.0641520 4.6713161 
12.2499471 15.9873272 2.9324854 8.0994484 17.7733269 8.9362315 4.0524012 
13.2469803 16.0384014 1.8326094 24.4879891 16.7615929 8.8263675 3.3012519 
14.2013901 16.0689387 7.5129187 25.9596834 15.9354089 9.9722525 -17.2735044 
15.1640674 16.1958984 12.0828349 24.7828050 15.1720544 11.4015502 -13.8290984 
16.1271037 16.4020538 15.3960181 23.6904884 14.3892718 12.9595628 -9.9844679 
17.0854833 16.6659638 17.4763867 22.9291465 13.5394887 14.4249294 -6.2521348 
18.0379359 16.9658395 18.5064567 22.3849211 12.6143803 13.3656641 -3.0915436 
18.9820999 17.2818706 20.2859555 21.7063025 11.7464884 12.1288317 -5.3453889 
19.9105097 17.6250412 23.0073836 20.8954785 10.9614222 10.8812993 -8.1890674 
20.8130195 18.0082711 26.7628784 19.9961454 10.2891806 9.6728528 -11.3321568 
21.6766915 18.4438411 31.6134517 19.0744055 9.7736854 8.5557665 -14.6949184 
22.4859601 18.9419684 37.5709770 18.2108976 9.4802588 7.5776482 -18.1420248 
23.2307592 19.5149401 44.1173142 17.4871350 9.4290156 6.7700442 -20.0000000 
23.9053795 20.1690881 50.6636514 16.9134771 9.6149123 6.1245181 -20.0000000 
24.5010240 20.8958823 57.2099886 16.4768396 10.1539240 5.6262471 -20.0000000 
25.0099255 21.6858453 63.7563258 16.1730293 11.2849188 5.2699364 -20.0000000 
25.4254479 22.5286759 70.3026630 16.0069919 13.5722645 5.0599944 -20.0000000 
25.7421727 23.4133835 76.8490002 14.6720301 13.9525380 5.0125008 -20.0000000 
25.9587844 24.3404780 82.7014460 13.0141826 12.7629318 5.1076519 -17.8123643 
26.0816700 25.2999417 87.5512188 11.9507308 11.7107523 5.3189536 -14.6924446 
26.1234017 26.2757717 91.6515477 11.1709090 10.7286851 5.6474488 -12.3867529 
26.0950631 27.2586263 95.1332943 10.5467945 9.7806013 6.0919099 -10.4974431 
26.0066519 28.2427952 98.0682558 10.0164297 8.8447540 6.6460189 -8.8360173 
25.8674367 29.2248722 100.4956164 9.5469001 7.9074282 7.2952999 -7.2996350 
25.6862179 30.2030592 102.4352266 9.1200385 6.9602273 8.0144176 -5.8277626 
25.4714945 31.1768220 103.8747347 8.7279814 5.9981913 6.8024663 -4.3221683 
25.2320139 32.1463515 104.8600861 8.3626254 5.0215959 5.6124400 -2.9572214 
24.9756455 33.1125630 105.3692057 7.8627940 4.0316157 4.4722801 -1.5275197 
24.7174020 34.0520820 109.6699767 6.8903708 3.1305976 3.2614818 -13.0014924 
24.4010997 34.9369408 116.2163139 6.4070930 2.2996146 2.1791169 -20.0000000 
