0.0000000 0.0000000 90.0000000 0.0000000
0.0000000 0.9914585 87.5083240 7.4940210
0.0430915 1.9817174 84.9788078 7.6084249
0.1298605 2.9692841 82.4744781 7.5322746
0.2597754 3.9527004 80.0568634 7.2701855
0.4312222 4.9306984 77.7863552 6.8258772
0.6415402 5.9023373 75.7214790 6.2054120
0.8870707 6.8671030 73.9151765 5.4261174
1.1632662 7.8249570 72.4073456 4.5276813
1.4551615 8.7455369 67.4454412 15.0392141
1.8210638 9.6265296 61.7073154 17.4543344
2.2686573 10.4580552 55.4116751 19.2066370
2.8019349 11.2314221 48.8501542 20.0481648
3.4189155 11.9374395 42.1951957 20.3448585
4.1127008 12.5664195 35.4804429 20.5349927
4.8983114 13.1263857 30.4479660 15.2577197
5.7543577 13.6295888 28.1899141 6.7882723
6.6287240 14.0982218 25.7834981 7.2363484
7.5222114 14.5298330 23.4133528 7.1267712
8.4337146 14.9245279 21.2038115 6.6418468
9.3610070 15.2842719 19.2266411 5.9409739
10.3014356 15.6122542 17.5158582 5.1384715
11.2523716 15.9123725 16.0801632 4.3107000
12.2114463 16.1888356 14.9114840 3.5079857
13.1766469 16.4458627 13.9905811 2.7636613
14.1463310 16.6874628 13.2908816 2.0995163
15.1192001 16.9172759 12.7813576 1.5287331
16.0625572 17.1312786 17.6293072 -14.6868103
16.9847206 17.4243253 22.4567320 -14.6233923
17.8838966 17.7959809 26.8726147 -13.3551428
18.7509010 18.2353164 31.3679435 -13.5994897
19.5778465 18.7394513 36.1292828 -14.4193097
20.3583625 19.3092246 41.0475261 -14.9041318
21.0861663 19.9429554 46.0593069 -15.1936200
21.7550008 20.6369900 51.1541557 -15.4510041
22.3583555 21.3861836 56.3803158 -15.8584565
22.8962764 22.1952164 60.9088963 -13.7018262
23.3751067 23.0558192 64.2233625 -9.9883695
23.8051784 23.9463917 67.0520817 -8.5140093
24.1915693 24.8589772 69.6074068 -7.6864694
24.5373325 25.7890743 71.9756299 -7.1209650
24.8446528 26.7335418 74.1981460 -6.6810061
25.1153251 27.6899595 76.2909120 -6.2895261
25.3510753 28.6563796 78.2440156 -5.8684312
25.5539557 29.6312540 80.0008972 -5.2772774
25.7270401 30.6129540 81.5178042 -4.5549859
25.8742048 31.5997534 82.8089481 -3.8760598
25.9991823 32.5902964 83.8902694 -3.2455066
26.1054999 33.5835387 84.7792178 -2.6677020
26.1964298 34.5786917 85.4944072 -2.1460140
26.2749524 35.5751716 86.0551664 -1.6824927
26.3437312 36.5725543 86.4810214 -1.2776590
26.4051023 37.5705372 86.7911519 -0.9304279
