0.0000000 0.0000000 90.0000000 8.4852814 22.0000000 8.4852814 0.0000000 
0.0000000 0.9914585 87.5083240 8.8797156 21.0284229 8.1391338 7.4940210 
0.0430915 1.9817174 84.9788078 9.4055280 20.0954008 7.7737796 7.6084249 
0.1298605 2.9692841 82.4744781 10.0752467 19.1960588 7.3966215 7.5322746 
0.2597754 3.9527004 80.0568634 10.8981439 18.3225109 7.0123969 7.2701855 
0.4312222 4.9306984 77.7863552 11.8765041 17.4646034 6.6240122 6.8258772 
0.6415402 5.9023373 75.7214790 13.0005721 16.6107992 6.2332256 6.2054120 
0.8870707 6.8671030 73.9151765 14.2437800 15.7494473 5.8411015 5.4261174 
1.1632662 7.8249570 72.4073456 15.5617088 14.8705470 32.4827109 4.5276813 
1.4551615 8.7455369 67.4454412 14.3408776 14.3521949 30.8845429 15.0392141 
1.8210638 9.6265296 61.7073154 12.9188285 14.0521728 29.4209167 17.4543344 
2.2686573 10.4580552 55.4116751 11.7351683 14.0199404 28.1955925 19.2066370 
2.8019349 11.2314221 48.8501542 10.7929368 14.3010672 27.2595881 20.0481648 
3.4189155 11.9374395 42.1951957 10.0746295 14.9816625 26.6129658 20.3448585 
4.1127008 12.5664195 35.4804429 9.5653023 16.2528835 15.5179197 20.5349927 
4.8983114 13.1263857 30.4479660 9.1677160 29.1172573 12.4428735 15.2577197 
5.7543577 13.6295888 28.1899141 8.7440569 27.5085209 12.5504319 6.7882723 
6.6287240 14.0982218 25.7834981 8.3680314 25.9552773 12.4513548 7.2363484 
7.5222114 14.5298330 23.4133528 8.0336275 24.4946261 12.3124117 7.1267712 
8.4337146 14.9245279 21.2038115 7.7328704 23.1323516 12.2050011 6.6418468 
9.3610070 15.2842719 19.2266411 7.4576026 21.8581684 12.1529919 5.9409739 
10.3014356 15.6122542 17.5158582 7.2003921 20.6563219 12.1608161 5.1384715 
11.2523716 15.9123725 16.0801632 6.9549266 19.5109939 12.2261174 4.3107000 
12.2114463 16.1888356 14.9114840 6.7161532 18.4084677 12.3446536 3.5079857 
13.1766469 16.4458627 13.9905811 6.4802822 17.3376666 12.5118901 2.7636613 
14.1463310 16.6874628 13.2908816 6.2446992 16.2899887 12.7233127 2.0995163 
15.1192001 16.9172759 12.7813576 27.9110119 15.2588941 12.9743139 1.5287331 
16.0625572 17.1312786 17.6293072 30.3155544 14.6242582 15.5113579 -14.6868103 
16.9847206 17.4243253 22.4567320 33.9486805 14.0832356 14.0920489 -14.6233923 
17.8838966 17.7959809 26.8726147 33.8858722 13.5828673 12.7488662 -13.3551428 
18.7509010 18.2353164 31.3679435 32.6854562 13.1746820 11.5751801 -13.5994897 
19.5778465 18.7394513 36.1292828 31.6389888 12.9036770 10.5483240 -14.4193097 
20.3583625 19.3092246 41.0475261 30.7639453 12.7845177 9.6646241 -14.9041318 
21.0861663 19.9429554 46.0593069 30.0621824 12.8457435 8.9153573 -15.1936200 
21.7550008 20.6369900 51.1541557 29.5332081 13.1451561 8.2927901 -15.4510041 
22.3583555 21.3861836 56.3803158 22.0876914 13.8016123 7.7948999 -15.8584565 
22.8962764 22.1952164 60.9088963 17.8625456 14.6107115 7.3866411 -13.7018262 
23.3751067 23.0558192 64.2233625 16.3252214 15.2344042 7.0160953 -9.9883695 
23.8051784 23.9463917 67.0520817 15.4619524 15.8884670 6.6837878 -8.5140093 
24.1915693 24.8589772 69.6074068 14.8693424 16.6692955 6.3886316 -7.6864694 
24.5373325 25.7890743 71.9756299 14.4117439 17.6544544 6.1295673 -7.1209650 
24.8446528 26.7335418 74.1981460 14.0307749 18.9318096 5.9057437 -6.6810061 
25.1153251 27.6899595 76.2909120 13.6995574 20.6111170 5.7161372 -6.2895261 
25.3510753 28.6563796 78.2440156 13.4093333 21.8009120 5.5586312 -5.8684312 
25.5539557 29.6312540 80.0008972 13.1696254 20.6829096 5.4276774 -5.2772774 
25.7270401 30.6129540 81.5178042 12.9850387 19.6014516 5.3167959 -4.5549859 
25.8742048 31.5997534 82.8089481 12.8447205 18.5461255 5.2221338 -3.8760598 
25.9991823 32.5902964 83.8902694 12.7409825 17.5091577 5.1401283 -3.2455066 
26.1054999 33.5835387 84.7792178 12.6681890 16.4848494 5.0675612 -2.6677020 
26.1964298 34.5786917 85.4944072 12.6220516 15.4691130 5.0016087 -2.1460140 
26.2749524 35.5751716 86.0551664 12.5991725 14.4590856 4.9398734 -1.6824927 
26.3437312 36.5725543 86.4810214 12.5967465 13.4528107 4.8803924 -1.2776590 
26.4051023 37.5705372 86.7911519 12.6123704 12.4489811 4.8216193 -0.9304279 
