0.0000000 0.0000000 90.0000000 8.4852814 22.0000000 8.4852814 0.0000000 
-0.0000000 0.9959488 88.2823615 8.7515316 21.0134930 8.2419411 5.1591124 
0.0298860 1.9925678 86.8205140 9.0430295 20.0382774 8.0110240 4.3893589 
0.0852446 2.9891292 85.6429845 9.3426020 19.0659709 7.7950566 3.5345814 
0.1611358 3.9851929 84.7682516 9.6315321 18.0901703 7.5963762 2.6250149 
0.2522803 4.9805908 84.2030678 9.8917405 17.1068918 7.4172677 1.6957716 
0.3532738 5.9753834 83.9412347 10.1082602 16.1146303 38.1165707 0.7855211 
0.4567788 6.9505449 80.1986221 11.2016601 15.2723736 36.1535881 11.2928291 
0.6225810 7.9102996 75.8653575 12.9089521 14.5295904 34.2244479 13.1012744 
0.8599207 8.8527767 71.3651841 14.6735387 13.8746077 32.5230713 13.6143970 
1.1716441 9.7771853 67.1641951 13.1980656 13.2623033 31.1285530 12.6953032 
1.5461681 10.6665866 62.1520363 11.8609211 12.8178449 29.7782003 15.1947906 
1.9919430 11.5103611 56.4343622 10.7020483 12.5887806 28.5752046 17.3903501 
2.5140278 12.2971851 50.1355009 9.7419210 12.6410755 27.5967513 19.2168079 
3.1129156 13.0143494 43.3129812 8.9895470 13.0989363 26.8987435 20.8782116 
3.7835334 13.6465946 35.8820642 8.4603077 14.2520698 23.0116742 22.8296169 
4.5187592 14.1784587 27.8304631 8.1863629 28.8140827 14.1546653 24.8468785 
5.3815191 14.6339267 23.6339597 7.9096912 26.8723956 12.7192159 12.6815465 
6.2780974 15.0262652 19.7066954 7.7131781 25.1977032 11.7641641 11.8570197 
7.2022552 15.3572834 16.0625079 7.5903914 23.7239167 11.0720811 10.9925052 
8.1483671 15.6296940 12.7161832 7.5351432 22.4010773 10.5402563 10.0852666 
9.1114375 15.8470172 9.6789755 7.5411087 21.1902002 10.1131985 9.1461503 
10.0871626 16.0134325 6.9590746 7.6013072 20.0606251 9.7585143 8.1844437 
11.0719546 16.1336357 4.5625975 7.7075919 18.9882187 9.4564847 7.2063199 
12.0629230 16.2127161 2.4938489 7.8503068 17.9540814 9.1949058 6.2170905 
13.0578264 16.2560475 0.7547200 24.2817972 16.9436435 8.9662685 5.2238197 
14.0237153 16.2687713 5.7006037 25.2241441 16.0556878 9.8974444 -14.9896393 
14.9811827 16.3643494 10.9073868 26.7938512 15.2951342 11.3541185 -15.7982844 
15.9254113 16.5463054 16.1563942 29.1749415 14.6533104 13.5697093 -15.9294254 
16.8558294 16.8158492 20.9045972 32.1958071 14.0703387 14.3987804 -14.3787629 
17.7690632 17.1646632 24.9291795 34.9583895 13.4875819 13.0217593 -12.1547843 
18.6607756 17.5791345 28.4040323 33.8301385 12.8911207 11.8321188 -10.4764491 
19.5208665 18.0442621 32.4088957 32.7431914 12.4124359 10.7373604 -12.0944266 
20.3418473 18.5654512 36.8659544 31.7540017 12.0720677 9.7563034 -13.4817572 
21.1162331 19.1461572 41.6693632 30.9060463 11.8926919 8.8987979 -14.5492073 
21.8368067 19.7874741 46.7103034 30.2259913 11.9051225 8.1668315 -15.2839374 
22.4968107 20.4881057 51.8955344 29.7269180 12.1588451 7.5578575 -15.7313773 
23.0901410 21.2446864 57.1522316 24.1800624 12.7392085 7.0682461 -15.9533166 
23.6091654 22.0485820 62.7082612 18.4408645 13.9379192 6.7087091 -16.8853367 
24.0579256 22.9183466 66.6311397 16.4336286 14.9806851 6.3922397 -11.8436072 
24.4497882 23.8252396 69.5905063 15.4994502 15.9156196 6.1037950 -8.9100215 
24.7956856 24.7548582 72.0194047 14.9588416 16.8590890 5.8419470 -7.3042818 
25.1025797 25.7004707 74.0797611 14.6135586 17.8543184 5.6038150 -6.1917819 
25.3757086 26.6580133 75.8421539 14.3867229 18.9059828 5.3859577 -5.2938735 
25.6195454 27.6246368 77.3440515 14.2420859 19.9933019 5.1848857 -4.5098322 
25.8381572 28.5981831 78.6133867 14.1588754 21.0802747 4.9974582 -3.8105025 
26.0352782 29.5769747 79.6785590 14.1224536 20.7589453 4.8211686 -3.1969915 
26.2141342 30.5590665 80.8095396 14.0390302 19.6937446 4.6683386 -3.3947074 
26.3734753 31.5439074 82.1188255 13.8755450 18.6320807 4.5480182 -3.9305982 
26.5101988 32.5316042 83.5686618 13.6501258 17.5790240 4.4634513 -4.3532316 
26.6218410 33.5220260 85.1205260 13.3796910 16.5379102 4.4176808 -4.6601598 
26.7065956 34.5148250 86.7375628 13.0784707 15.5103119 4.4135567 -4.8562791 
26.7632928 35.5094790 88.3861140 12.7575300 14.4962714 4.4537276 -4.9511306 
26.7913514 36.5053445 90.0364264 12.4249516 13.4946582 4.5406020 -4.9564321 
26.7907179 37.5017130 91.6627622 12.0863373 12.5035518 4.6762687 -4.8842659 
