0.0000000 0.0000000 90.0000000 0.0000000
-0.0000000 0.9959488 88.2823615 5.1591124
0.0298860 1.9925678 86.8205140 4.3893589
0.0852446 2.9891292 85.6429845 3.5345814
0.1611358 3.9851929 84.7682516 2.6250149
0.2522803 4.9805908 84.2030678 1.6957716
0.3532738 5.9753834 83.9412347 0.7855211
0.4567788 6.9505449 80.1986221 11.2928291
0.6225810 7.9102996 75.8653575 13.1012744
0.8599207 8.8527767 71.3651841 13.6143970
1.1716441 9.7771853 67.1641951 12.6953032
1.5461681 10.6665866 62.1520363 15.1947906
1.9919430 11.5103611 56.4343622 17.3903501
2.5140278 12.2971851 50.1355009 19.2168079
3.1129156 13.0143494 43.3129812 20.8782116
3.7835334 13.6465946 35.8820642 22.8296169
4.5187592 14.1784587 27.8304631 24.8468785
5.3815191 14.6339267 23.6339597 12.6815465
6.2780974 15.0262652 19.7066954 11.8570197
7.2022552 15.3572834 16.0625079 10.9925052
8.1483671 15.6296940 12.7161832 10.0852666
9.1114375 15.8470172 9.6789755 9.1461503
10.0871626 16.0134325 6.9590746 8.1844437
11.0719546 16.1336357 4.5625975 7.2063199
12.0629230 16.2127161 2.4938489 6.2170905
13.0578264 16.2560475 0.7547200 5.2238197
14.0237153 16.2687713 5.7006037 -14.9896393
14.9811827 16.3643494 10.9073868 -15.7982844
15.9254113 16.5463054 16.1563942 -15.9294254
16.8558294 16.8158492 20.9045972 -14.3787629
17.7690632 17.1646632 24.9291795 -12.1547843
18.6607756 17.5791345 28.4040323 -10.4764491
19.5208665 18.0442621 32.4088957 -12.0944266
20.3418473 18.5654512 36.8659544 -13.4817572
21.1162331 19.1461572 41.6693632 -14.5492073
21.8368067 19.7874741 46.7103034 -15.2839374
22.4968107 20.4881057 51.8955344 -15.7313773
23.0901410 21.2446864 57.1522316 -15.9533166
23.6091654 22.0485820 62.7082612 -16.8853367
24.0579256 22.9183466 66.6311397 -11.8436072
24.4497882 23.8252396 69.5905063 -8.9100215
24.7956856 24.7548582 72.0194047 -7.3042818
25.1025797 25.7004707 74.0797611 -6.1917819
25.3757086 26.6580133 75.8421539 -5.2938735
25.6195454 27.6246368 77.3440515 -4.5098322
25.8381572 28.5981831 78.6133867 -3.8105025
26.0352782 29.5769747 79.6785590 -3.1969915
26.2141342 30.5590665 80.8095396 -3.3947074
26.3734753 31.5439074 82.1188255 -3.9305982
26.5101988 32.5316042 83.5686618 -4.3532316
26.6218410 33.5220260 85.1205260 -4.6601598
26.7065956 34.5148250 86.7375628 -4.8562791
26.7632928 35.5094790 88.3861140 -4.9511306
26.7913514 36.5053445 90.0364264 -4.9564321
26.7907179 37.5017130 91.6627622 -4.8842659
