0.0000000 0.0000000 90.0000000 0.0000000
0.0000000 0.9956358 88.2173564 5.3548602
0.0310006 1.9917021 86.6317619 4.7616558
0.0896033 2.9874214 85.2665423 4.0987663
0.1719779 3.9822485 84.1311798 3.4078734
0.2741132 4.9758792 83.2219029 2.7287477
0.3920586 5.9682254 82.5233365 2.0961149
0.5192543 6.9374230 78.4921889 12.1748829
0.7129212 7.8886623 73.9021489 13.8910817
0.9820480 8.8212054 69.3002686 13.9275582
1.3244572 9.7273780 64.5544197 14.3714970
1.7352089 10.5906460 58.9429753 17.0583267
2.2216096 11.3983307 52.5650832 19.4665464
2.7866070 12.1363840 45.5025670 21.6451274
3.4271967 12.7883112 37.7294266 23.9383426
4.1344840 13.3355455 29.1502914 26.5850529
5.0013780 13.8190496 26.8326239 6.9682720
5.8827827 14.2649093 23.8519690 8.9745854
6.7837586 14.6632636 20.5667454 9.8994512
7.7054204 15.0090831 17.2049687 10.1322729
8.6463056 15.3004252 13.9031801 9.9498181
9.6036589 15.5374025 10.7450246 9.5133214
10.5742507 15.7215878 7.7832752 8.9172473
11.5548600 15.8556230 5.0517455 8.2196509
12.5425470 15.9429333 2.5717336 7.4587618
13.4559935 15.9839611 10.3281430 -23.8839407
14.4236339 16.1603022 6.8789938 10.3981841
15.3514216 16.2722317 13.6926847 -20.8500670
16.2649339 16.4947985 20.2103415 -19.9090573
17.1713628 16.8284851 25.1615222 -15.0060292
18.0568068 17.2444174 29.1245550 -11.9664267
18.9090509 17.7192489 33.3219596 -12.6843104
19.7229636 18.2543362 37.6487544 -13.0814040
20.4936751 18.8489094 42.0284946 -13.2440552
21.2166157 19.5004993 46.4208006 -13.2826723
21.8874449 20.2054517 50.8232142 -13.3137391
22.5018025 20.9593521 55.2739679 -13.4623656
23.0530602 21.7546969 60.0939208 -14.6003091
23.5426779 22.6059592 63.7011816 -10.8799021
23.9808502 23.4925794 66.5292872 -8.5121502
24.3757621 24.4020856 69.0086971 -7.4569422
24.7313598 25.3288699 71.3186907 -6.9450984
25.0494559 26.2696547 73.5578610 -6.7312748
25.3305452 27.2221273 75.8007633 -6.7425400
25.5740265 28.1844099 78.1192577 -6.9707693
25.7781937 29.1548695 80.5750553 -7.3855732
25.9409744 30.1354980 82.6563128 -6.2548156
26.0682941 31.1234068 84.3460976 -5.0752541
26.1665582 32.1159657 85.7195871 -4.1236329
26.2410704 33.1114973 86.8275222 -3.3254650
26.2963534 34.1089030 87.7080683 -2.6424711
26.3363188 35.1074613 88.3924654 -2.0535820
26.3643617 36.1067038 88.9078229 -1.5462395
26.3834190 37.1063338 89.2784672 -1.1119947
