0.0000000 0.0000000 90.0000000 8.4852814 22.0000000 8.4852814 0.0000000 
0.0000000 0.9956358 88.2173564 8.7620930 21.0145346 8.2331493 5.3548602 
0.0310006 1.9917021 86.6317619 9.0781749 20.0429210 7.9860321 4.7616558 
0.0896033 2.9874214 85.2665423 9.4216089 19.0776454 7.7457945 4.0987663 
0.1719779 3.9822485 84.1311798 9.7797451 18.1126872 7.5132125 3.4078734 
0.2741132 4.9758792 83.2219029 10.1406567 17.1439450 7.2883629 2.7287477 
0.3920586 5.9682254 82.5233365 10.4945348 16.1692465 37.3316638 2.0961149 
0.5192543 6.9374230 78.4921889 11.8140251 15.3715840 35.3502665 12.1748829 
0.7129212 7.8886623 73.9021489 13.8893230 14.6872305 33.4538800 13.8910817 
0.9820480 8.8212054 69.3002686 14.4599244 14.0882520 31.8388294 13.9275582 
1.3244572 9.7273780 64.5544197 13.0237814 13.5910372 30.4306611 14.3714970 
1.7352089 10.5906460 58.9429753 11.7557243 13.3185047 29.1228665 17.0583267 
2.2216096 11.3983307 52.5650832 10.6947569 13.3514829 28.0222977 19.4665464 
2.7866070 12.1363840 45.5025670 9.8639954 13.8284970 27.2144399 21.6451274 
3.4271967 12.7883112 37.7294266 9.2863550 15.0534190 22.0323784 23.9383426 
4.1344840 13.3355455 29.1502914 9.0068836 29.6166072 12.2129731 26.5850529 
5.0013780 13.8190496 26.8326239 8.6101696 28.0150298 12.2486325 6.9682720 
5.8827827 14.2649093 23.8519690 8.2936567 26.3693362 11.8213975 8.9745854 
6.7837586 14.6632636 20.5667454 8.0584182 24.7966937 11.2739178 9.8994512 
7.7054204 15.0090831 17.2049687 7.9027217 23.3389335 10.7419611 10.1322729 
8.6463056 15.3004252 13.9031801 7.8239029 21.9981716 10.2624799 9.9498181 
9.6036589 15.5374025 10.7450246 7.8188480 20.7603406 9.8376829 9.5133214 
10.5742507 15.7215878 7.7832752 7.8839523 19.6063747 9.4598031 8.9172473 
11.5548600 15.8556230 5.0517455 8.0148440 18.5170681 9.1195513 8.2196509 
12.5425470 15.9429333 2.5717336 25.8756734 17.4750534 8.8086963 7.4587618 
13.4559935 15.9839611 10.3281430 7.3150128 16.8164824 10.5189268 -23.8839407 
14.4236339 16.1603022 6.8789938 25.2320619 15.6893084 9.9790365 10.3981841 
15.3514216 16.2722317 13.6926847 28.1904991 15.0770787 12.0706146 -20.8500670 
16.2649339 16.4947985 20.2103415 32.7580533 14.6362074 15.1291713 -19.9090573 
17.1713628 16.8284851 25.1615222 35.2643455 14.1735234 13.6380113 -15.0060292 
18.0568068 17.2444174 29.1245550 34.0544666 13.6718055 12.4167865 -11.9664267 
18.9090509 17.7192489 33.3219596 32.9630715 13.2730858 11.3253792 -12.6843104 
19.7229636 18.2543362 37.6487544 32.0087630 12.9798227 10.3622096 -13.0814040 
20.4936751 18.8489094 42.0284946 31.1930315 12.7977542 9.5191239 -13.2440552 
21.2166157 19.5004993 46.4208006 30.5088805 12.7414235 8.7860856 -13.2826723 
21.8874449 20.2054517 50.8232142 29.9490951 12.8421070 8.1546356 -13.3137391 
22.5018025 20.9593521 55.2739679 25.2406614 13.1627454 7.6203813 -13.4623656 
23.0530602 21.7546969 60.0939208 19.4048390 13.9334585 7.1951713 -14.6003091 
23.5426779 22.6059592 63.7011816 17.2866990 14.5746139 6.8172478 -10.8799021 
23.9808502 23.4925794 66.5292872 16.2976262 15.1128502 6.4706031 -8.5121502 
24.3757621 24.4020856 69.0086971 15.6700639 15.7002402 6.1569111 -7.4569422 
24.7313598 25.3288699 71.3186907 15.1824814 16.4488752 5.8779362 -6.9450984 
25.0494559 26.2696547 73.5578610 14.7463964 17.4901889 5.6362837 -6.7312748 
25.3305452 27.2221273 75.8007633 14.3159526 19.0361193 5.4362164 -6.7425400 
25.5740265 28.1844099 78.1192577 13.8621070 21.4983236 5.2845229 -6.9707693 
25.7781937 29.1548695 80.5750553 13.3699025 21.1303702 5.1906128 -7.3855732 
25.9409744 30.1354980 82.6563128 12.9983108 20.0287928 5.1270418 -6.2548156 
26.0682941 31.1234068 84.3460976 12.7259504 18.9688738 5.0841219 -5.0752541 
26.1665582 32.1159657 85.7195871 12.5185312 17.9340576 5.0579025 -4.1236329 
26.2410704 33.1114973 86.8275222 12.3574568 16.9144247 5.0444886 -3.3254650 
26.2963534 34.1089030 87.7080683 12.2317619 15.9038194 5.0402155 -2.6424711 
26.3363188 35.1074613 88.3924654 12.1345217 14.8984022 5.0417745 -2.0535820 
26.3643617 36.1067038 88.9078229 12.0610804 13.8958208 5.0462986 -1.5462395 
26.3834190 37.1063338 89.2784672 12.0081127 12.8946886 5.0514071 -1.1119947 
